# Wavelength(A) Luminosity_density(erg/s/A)
3.002102e+03 4.644598e-15
3.006313e+03 4.886054e-15
3.010537e+03 4.785318e-15
3.014772e+03 5.940122e-15
3.019020e+03 6.904936e-15
3.023279e+03 5.924218e-15
3.027551e+03 7.309164e-15
3.031834e+03 6.705740e-15
3.036130e+03 8.469838e-15
3.040438e+03 8.864150e-15
3.044758e+03 6.956237e-15
3.049090e+03 9.813280e-15
3.053435e+03 1.056983e-14
3.057792e+03 1.148513e-14
3.062162e+03 1.261914e-14
3.066544e+03 1.165688e-14
3.070939e+03 1.582309e-14
3.075346e+03 1.380703e-14
3.079766e+03 1.560064e-14
3.084199e+03 1.812754e-14
3.088644e+03 1.588500e-14
3.093102e+03 1.685780e-14
3.097574e+03 1.996910e-14
3.102058e+03 2.404576e-14
3.106555e+03 2.277235e-14
3.111065e+03 2.831067e-14
3.115588e+03 2.693884e-14
3.120125e+03 2.773389e-14
3.124675e+03 3.355912e-14
3.129238e+03 3.367809e-14
3.133814e+03 2.593547e-14
3.138404e+03 2.642537e-14
3.143007e+03 2.405634e-14
3.147624e+03 1.583195e-14
3.152254e+03 1.157624e-14
3.156898e+03 6.906859e-15
3.161555e+03 1.131155e-15
3.166227e+03 2.976593e-15
3.170912e+03 3.091924e-15
3.175611e+03 2.346602e-14
3.180324e+03 1.401153e-15
3.185052e+03 4.047172e-15
3.189793e+03 4.776125e-15
3.194548e+03 6.856074e-15
3.199318e+03 1.368125e-15
3.204101e+03 2.144029e-14
3.208899e+03 2.247057e-14
3.213712e+03 5.195897e-14
3.218539e+03 5.922281e-14
3.223380e+03 7.135389e-14
3.228236e+03 6.106804e-14
3.233107e+03 4.641520e-14
3.237992e+03 7.283012e-14
3.242893e+03 7.186060e-14
3.247808e+03 6.688250e-14
3.252738e+03 8.322262e-14
3.257683e+03 9.282460e-14
3.262643e+03 1.220602e-13
3.267618e+03 1.652259e-13
3.272608e+03 1.870108e-13
3.277614e+03 1.638508e-13
3.282635e+03 1.821909e-13
3.287671e+03 2.209277e-13
3.292723e+03 2.660057e-13
3.297791e+03 3.468777e-13
3.302874e+03 3.181283e-13
3.307972e+03 2.691027e-13
3.313087e+03 2.614682e-13
3.318217e+03 2.838884e-13
3.323363e+03 2.311945e-13
3.328526e+03 2.018866e-13
3.333704e+03 1.979556e-13
3.338898e+03 1.449492e-13
3.344109e+03 7.595846e-14
3.349336e+03 1.022122e-13
3.354579e+03 4.520258e-14
3.359839e+03 7.512074e-14
3.365115e+03 4.421726e-14
3.370408e+03 1.065024e-13
3.375717e+03 2.842869e-13
3.381044e+03 3.549210e-13
3.386387e+03 2.999783e-13
3.391747e+03 4.266477e-13
3.397124e+03 5.069498e-13
3.402518e+03 7.216163e-13
3.407929e+03 6.875219e-13
3.413358e+03 6.291869e-13
3.418803e+03 6.884436e-13
3.424267e+03 5.497349e-13
3.429747e+03 6.545089e-13
3.435246e+03 5.762549e-13
3.440762e+03 1.997485e-13
3.446295e+03 5.720246e-14
3.451847e+03 5.261371e-14
3.457416e+03 1.009883e-12
3.463004e+03 1.139954e-13
3.468609e+03 1.476629e-13
3.474233e+03 7.870788e-14
3.479875e+03 5.299298e-14
3.485535e+03 1.097499e-13
3.491214e+03 1.670233e-12
3.496911e+03 1.451298e-13
3.502627e+03 1.246117e-13
3.508362e+03 4.435773e-13
3.514115e+03 6.927625e-12
3.519887e+03 7.386430e-12
3.525679e+03 2.009006e-12
3.531489e+03 2.240899e-12
3.537319e+03 4.319248e-12
3.543168e+03 5.722578e-12
3.549036e+03 6.029253e-12
3.554924e+03 4.842631e-12
3.560831e+03 7.297517e-12
3.566758e+03 1.307555e-11
3.572704e+03 5.560695e-12
3.578671e+03 1.219151e-11
3.584658e+03 8.486211e-12
3.590664e+03 8.427019e-12
3.596691e+03 9.295246e-12
3.602738e+03 8.395087e-12
3.608805e+03 1.429464e-11
3.614893e+03 1.035377e-11
3.621002e+03 1.435540e-11
3.627131e+03 1.159014e-11
3.633281e+03 1.184901e-11
3.639452e+03 9.138503e-12
3.645644e+03 9.546359e-12
3.651856e+03 1.743223e-11
3.658090e+03 6.212448e-12
3.664346e+03 5.265295e-12
3.670623e+03 1.093604e-11
3.676921e+03 4.184791e-12
3.683241e+03 8.999295e-12
3.689583e+03 6.563451e-12
3.695947e+03 1.326103e-11
3.702332e+03 1.321251e-11
3.708740e+03 1.319190e-11
3.715170e+03 8.963189e-12
3.721623e+03 8.606138e-12
3.728097e+03 2.009464e-11
3.734595e+03 1.330042e-11
3.741115e+03 2.227059e-11
3.747658e+03 1.163488e-11
3.754224e+03 1.581457e-11
3.760812e+03 2.206972e-11
3.767424e+03 1.968309e-11
3.774060e+03 1.953655e-11
3.780718e+03 2.582778e-11
3.787401e+03 2.552414e-11
3.794106e+03 2.202873e-11
3.800836e+03 2.796746e-11
3.807590e+03 3.462777e-11
3.814367e+03 4.142425e-11
3.821169e+03 4.487451e-11
3.827995e+03 4.843852e-11
3.834846e+03 5.916298e-11
3.841721e+03 7.921110e-11
3.848621e+03 6.616417e-11
3.855546e+03 6.637774e-11
3.862495e+03 8.308775e-11
3.869470e+03 7.992784e-11
3.876470e+03 8.444778e-11
3.883495e+03 9.727537e-11
3.890546e+03 7.890076e-11
3.897622e+03 4.865147e-11
3.904725e+03 3.468563e-11
3.911853e+03 1.013536e-11
3.919007e+03 1.546744e-11
3.926188e+03 1.277618e-11
3.933394e+03 1.393268e-11
3.940628e+03 1.066109e-11
3.947888e+03 1.426823e-11
3.955175e+03 1.232536e-11
3.962488e+03 1.694051e-11
3.969829e+03 2.126065e-11
3.977197e+03 2.800089e-11
3.984593e+03 2.211322e-11
3.992016e+03 2.037722e-11
3.999467e+03 2.215355e-11
4.006945e+03 1.587640e-11
4.014452e+03 1.756596e-11
4.021987e+03 2.008236e-11
4.029550e+03 2.957865e-11
4.037142e+03 1.088102e-11
4.044762e+03 8.117816e-12
4.052411e+03 2.838023e-11
4.060089e+03 2.174139e-11
4.067797e+03 2.908143e-11
4.075533e+03 1.569455e-11
4.083299e+03 6.948541e-11
4.091095e+03 1.347065e-10
4.098921e+03 1.612808e-10
4.106776e+03 2.732994e-10
4.114662e+03 4.096464e-10
4.122578e+03 4.654071e-10
4.130525e+03 6.379764e-10
4.138502e+03 7.609997e-10
4.146510e+03 7.706142e-10
4.154549e+03 7.751522e-10
4.162620e+03 9.177718e-10
4.170721e+03 1.230959e-09
4.178855e+03 1.461338e-09
4.187020e+03 1.296201e-09
4.195217e+03 1.222290e-09
4.203447e+03 1.700870e-09
4.211708e+03 1.884754e-09
4.220003e+03 1.613308e-09
4.228330e+03 2.002761e-09
4.236690e+03 2.283378e-09
4.245083e+03 2.496314e-09
4.253509e+03 2.336219e-09
4.261969e+03 2.714884e-09
4.270463e+03 2.466516e-09
4.278990e+03 2.827239e-09
4.287552e+03 3.240464e-09
4.296148e+03 3.141600e-09
4.304778e+03 3.252902e-09
4.313444e+03 2.944805e-09
4.322144e+03 4.501017e-09
4.330879e+03 4.309622e-09
4.339650e+03 4.436325e-09
4.348456e+03 4.947175e-09
4.357298e+03 4.906277e-09
4.366177e+03 5.339629e-09
4.375091e+03 5.172587e-09
4.384042e+03 5.937217e-09
4.393030e+03 5.997312e-09
4.402054e+03 6.340528e-09
4.411116e+03 6.882206e-09
4.420215e+03 7.604655e-09
4.429352e+03 8.503805e-09
4.438526e+03 6.912601e-09
4.447739e+03 8.894137e-09
4.456990e+03 1.092213e-08
4.466280e+03 1.125890e-08
4.475608e+03 1.015150e-08
4.484975e+03 1.174342e-08
4.494382e+03 1.118834e-08
4.503828e+03 1.251265e-08
4.513314e+03 1.408249e-08
4.522840e+03 1.535721e-08
4.532407e+03 1.343600e-08
4.542014e+03 1.386395e-08
4.551661e+03 1.631669e-08
4.561350e+03 1.940223e-08
4.571080e+03 2.469371e-08
4.580852e+03 1.848202e-08
4.590666e+03 2.097501e-08
4.600521e+03 2.389298e-08
4.610419e+03 2.662217e-08
4.620360e+03 2.374059e-08
4.630344e+03 2.601760e-08
4.640371e+03 2.860494e-08
4.650442e+03 3.465216e-08
4.660556e+03 3.243719e-08
4.670715e+03 3.883280e-08
4.680917e+03 4.155250e-08
4.691165e+03 3.824231e-08
4.701458e+03 4.447657e-08
4.711795e+03 4.021275e-08
4.722178e+03 4.822645e-08
4.732608e+03 4.898453e-08
4.743083e+03 5.837151e-08
4.753605e+03 4.987569e-08
4.764173e+03 6.161510e-08
4.774789e+03 6.966650e-08
4.785452e+03 7.495664e-08
4.796163e+03 8.515656e-08
4.806922e+03 7.601178e-08
4.817729e+03 9.294367e-08
4.828585e+03 8.669528e-08
4.839490e+03 9.472931e-08
4.850445e+03 9.016605e-08
4.861449e+03 1.202788e-07
4.872503e+03 1.020989e-07
4.883607e+03 1.165920e-07
4.894763e+03 1.006657e-07
4.905969e+03 1.269312e-07
4.917227e+03 1.381878e-07
4.928536e+03 1.553308e-07
4.939898e+03 1.373199e-07
4.951312e+03 1.502348e-07
4.962779e+03 1.879985e-07
4.974300e+03 2.264330e-07
4.985873e+03 2.172686e-07
4.997501e+03 2.656642e-07
5.009184e+03 2.154969e-07
5.020921e+03 2.465972e-07
5.032713e+03 2.165089e-07
5.044560e+03 1.825457e-07
5.056464e+03 2.006280e-07
5.068424e+03 1.456627e-07
5.080440e+03 1.148008e-07
5.092514e+03 1.162275e-07
5.104645e+03 2.267218e-07
5.116834e+03 1.746664e-07
5.129082e+03 2.149058e-07
5.141388e+03 2.342311e-07
5.153754e+03 3.519075e-07
5.166179e+03 4.048481e-07
5.178664e+03 3.229201e-07
5.191210e+03 4.596738e-07
5.203816e+03 5.807920e-07
5.216484e+03 6.616076e-07
5.229214e+03 5.844361e-07
5.242006e+03 7.767688e-07
5.254861e+03 7.697127e-07
5.267779e+03 8.561550e-07
5.280760e+03 9.048223e-07
5.293806e+03 9.994248e-07
5.306917e+03 9.176688e-07
5.320092e+03 1.028316e-06
5.333333e+03 1.061280e-06
5.346641e+03 1.352470e-06
5.360014e+03 1.290241e-06
5.373455e+03 1.535721e-06
5.386963e+03 1.342724e-06
5.400540e+03 1.745180e-06
5.414185e+03 1.542335e-06
5.427899e+03 1.636621e-06
5.441683e+03 1.954362e-06
5.455537e+03 1.784626e-06
5.469462e+03 1.873400e-06
5.483458e+03 1.868587e-06
5.497526e+03 2.489250e-06
5.511666e+03 2.257606e-06
5.525880e+03 2.725234e-06
5.540166e+03 2.857945e-06
5.554527e+03 2.902922e-06
5.568962e+03 2.803140e-06
5.583473e+03 3.371848e-06
5.598059e+03 3.437274e-06
5.612722e+03 3.918752e-06
5.627462e+03 3.770559e-06
5.642279e+03 4.787815e-06
5.657175e+03 4.433207e-06
5.672150e+03 4.828849e-06
5.687204e+03 4.686228e-06
5.702338e+03 4.607598e-06
5.717553e+03 5.856703e-06
5.732849e+03 5.877681e-06
5.748228e+03 6.206805e-06
5.763689e+03 5.805987e-06
5.779233e+03 7.102410e-06
5.794862e+03 7.165153e-06
5.810575e+03 7.785900e-06
5.826374e+03 8.538394e-06
5.842259e+03 9.357961e-06
5.858231e+03 9.046672e-06
5.874290e+03 1.037942e-05
5.890438e+03 1.080132e-05
5.906675e+03 1.210687e-05
5.923001e+03 1.002758e-05
5.939418e+03 1.205627e-05
5.955926e+03 1.284364e-05
5.972526e+03 1.297780e-05
5.989219e+03 1.523562e-05
6.006006e+03 1.472908e-05
6.022887e+03 1.593344e-05
6.039863e+03 1.684286e-05
6.056935e+03 1.870402e-05
6.074104e+03 2.317956e-05
6.091371e+03 2.201517e-05
6.108735e+03 2.307511e-05
6.126200e+03 2.335777e-05
6.143764e+03 2.255978e-05
6.161430e+03 2.645378e-05
6.179197e+03 2.772242e-05
6.197067e+03 3.123853e-05
6.215040e+03 2.818354e-05
6.233119e+03 3.001165e-05
6.251302e+03 3.182648e-05
6.269592e+03 4.030968e-05
6.287990e+03 4.312104e-05
6.306496e+03 4.500952e-05
6.325111e+03 4.227947e-05
6.343836e+03 4.802978e-05
6.362672e+03 5.109127e-05
6.381621e+03 5.322669e-05
6.400683e+03 6.321802e-05
6.419859e+03 5.974254e-05
6.439150e+03 6.332005e-05
6.458558e+03 7.111906e-05
6.478083e+03 7.183288e-05
6.497726e+03 7.993705e-05
6.517489e+03 8.471661e-05
6.537372e+03 9.621369e-05
6.557377e+03 8.542709e-05
6.577505e+03 9.897043e-05
6.597757e+03 8.644843e-05
6.618134e+03 1.221330e-04
6.638637e+03 1.134689e-04
6.659267e+03 1.293422e-04
6.680027e+03 1.218178e-04
6.700916e+03 1.323782e-04
6.721936e+03 1.296567e-04
6.743088e+03 1.652696e-04
6.764374e+03 1.644954e-04
6.785795e+03 1.621852e-04
6.807352e+03 1.695060e-04
6.829046e+03 1.858893e-04
6.850879e+03 2.307751e-04
6.872852e+03 2.223377e-04
6.894967e+03 2.283756e-04
6.917224e+03 2.124738e-04
6.939625e+03 2.950481e-04
6.962172e+03 2.544277e-04
6.984866e+03 2.745193e-04
7.007708e+03 2.786007e-04
7.030701e+03 3.417619e-04
7.053844e+03 3.061720e-04
7.077141e+03 3.586099e-04
7.100592e+03 3.849764e-04
7.124199e+03 4.365883e-04
7.147963e+03 3.862419e-04
7.171886e+03 4.522401e-04
7.195970e+03 5.117724e-04
7.220217e+03 5.736577e-04
7.244627e+03 5.036123e-04
7.269203e+03 6.079430e-04
7.293946e+03 6.112356e-04
7.318858e+03 6.890446e-04
7.343941e+03 5.765857e-04
7.369197e+03 7.591463e-04
7.394627e+03 7.721717e-04
7.420233e+03 7.942447e-04
7.446016e+03 7.688384e-04
7.471980e+03 8.843576e-04
7.498126e+03 1.021592e-03
7.524454e+03 9.224220e-04
7.550969e+03 1.014310e-03
7.577671e+03 1.261314e-03
7.604563e+03 1.330721e-03
7.631646e+03 1.259882e-03
7.658923e+03 1.357559e-03
7.686395e+03 1.550543e-03
7.714065e+03 1.629698e-03
7.741935e+03 1.435577e-03
7.770008e+03 1.787713e-03
7.798284e+03 1.775369e-03
7.826767e+03 2.034043e-03
7.855459e+03 2.158978e-03
7.884363e+03 2.119998e-03
7.913479e+03 2.239105e-03
7.942812e+03 2.460027e-03
7.972363e+03 2.649133e-03
8.002134e+03 2.764185e-03
8.032128e+03 2.953087e-03
8.062349e+03 2.771615e-03
8.092797e+03 2.989058e-03
8.123477e+03 3.149631e-03
8.154390e+03 3.512145e-03
8.185539e+03 3.575367e-03
8.216927e+03 4.122060e-03
8.248557e+03 3.925692e-03
8.280431e+03 3.799924e-03
8.312552e+03 5.064225e-03
8.344924e+03 4.832619e-03
8.377548e+03 4.630212e-03
8.410429e+03 6.171524e-03
8.443569e+03 5.587874e-03
8.476971e+03 6.852821e-03
8.510638e+03 5.875265e-03
8.544574e+03 7.421983e-03
8.578782e+03 7.233668e-03
8.613264e+03 8.779877e-03
8.648025e+03 8.266185e-03
8.683068e+03 7.662396e-03
8.718396e+03 8.606732e-03
8.754012e+03 9.934607e-03
8.789921e+03 1.135541e-02
8.826125e+03 1.095622e-02
8.862629e+03 1.269180e-02
8.899436e+03 1.094536e-02
8.936550e+03 1.166555e-02
8.973976e+03 1.313761e-02
9.011715e+03 1.381784e-02
9.049774e+03 1.679993e-02
9.088155e+03 1.504668e-02
9.126863e+03 1.534970e-02
9.165903e+03 1.789945e-02
9.205278e+03 1.797674e-02
9.244992e+03 1.900940e-02
9.285051e+03 1.976428e-02
9.325459e+03 2.204485e-02
9.366219e+03 2.300065e-02
9.407338e+03 2.607927e-02
9.448819e+03 2.503609e-02
9.490667e+03 2.727788e-02
9.532888e+03 2.620305e-02
9.575487e+03 2.848132e-02
9.618468e+03 3.230244e-02
9.661836e+03 3.016765e-02
9.705597e+03 3.463121e-02
9.749756e+03 3.796408e-02
9.794319e+03 3.546737e-02
9.839292e+03 4.478081e-02
9.884679e+03 4.700575e-02
9.930487e+03 4.362771e-02
9.976721e+03 5.037901e-02
