# Wavelength(A) Luminosity_density(erg/s/A)
1.000000e+04 2.402785e+38
9.988347e+03 1.850014e+38
9.976721e+03 2.673823e+38
9.965122e+03 1.585935e+38
9.953550e+03 4.055448e+38
9.942005e+03 1.873573e+38
9.930487e+03 2.185666e+38
9.918995e+03 2.417907e+38
9.907530e+03 3.504914e+38
9.896091e+03 1.328516e+38
9.884679e+03 3.510950e+38
9.873293e+03 3.529428e+38
9.861933e+03 2.438663e+38
9.850599e+03 1.652425e+38
9.839292e+03 3.315760e+38
9.828010e+03 1.921289e+38
9.816754e+03 3.050146e+38
9.805524e+03 1.910438e+38
9.794319e+03 3.303974e+38
9.783140e+03 2.507449e+38
9.771987e+03 3.363448e+38
9.760859e+03 1.960710e+38
9.749756e+03 4.187686e+38
9.738679e+03 1.975834e+38
9.727626e+03 3.067602e+38
9.716599e+03 3.383393e+38
9.705597e+03 3.636103e+38
9.694619e+03 2.271889e+38
9.683667e+03 3.092523e+38
9.672739e+03 3.116604e+38
9.661836e+03 3.116100e+38
9.650957e+03 3.110481e+38
9.640103e+03 1.444855e+38
9.629273e+03 1.699679e+38
9.618467e+03 3.123219e+38
9.607686e+03 2.290447e+38
9.596929e+03 2.620437e+38
9.586196e+03 1.733736e+38
9.575487e+03 2.342699e+38
9.564802e+03 2.595774e+38
9.554140e+03 3.518245e+38
9.543502e+03 3.724200e+38
9.532888e+03 2.877235e+38
9.522298e+03 2.674248e+38
9.511731e+03 2.060262e+38
9.501188e+03 3.825486e+38
9.490668e+03 4.420057e+38
9.480171e+03 3.263270e+38
9.469697e+03 2.665852e+38
9.459246e+03 1.497435e+38
9.448819e+03 2.097070e+38
9.438414e+03 2.667814e+38
9.428033e+03 4.149372e+38
9.417674e+03 2.964920e+38
9.407338e+03 3.591315e+38
9.397024e+03 3.315956e+38
9.386733e+03 4.494336e+38
9.376465e+03 5.972232e+38
9.366219e+03 5.650699e+38
9.355996e+03 3.660295e+38
9.345794e+03 1.825585e+38
9.335615e+03 3.954454e+38
9.325459e+03 4.498084e+38
9.315324e+03 2.466662e+38
9.305211e+03 3.091803e+38
9.295120e+03 5.176501e+38
9.285051e+03 3.324191e+38
9.275004e+03 2.421721e+38
9.264978e+03 1.541187e+38
9.254975e+03 3.415226e+38
9.244992e+03 5.274551e+38
9.235032e+03 3.056873e+38
9.225092e+03 1.872230e+38
9.215174e+03 3.993381e+38
9.205278e+03 4.066952e+38
9.195402e+03 2.825508e+38
9.185548e+03 4.371921e+38
9.175715e+03 1.866644e+38
9.165903e+03 2.388549e+38
9.156112e+03 3.156120e+38
9.146341e+03 2.845881e+38
9.136592e+03 3.767588e+38
9.126863e+03 3.877879e+38
9.117155e+03 4.058400e+38
9.107468e+03 4.400028e+38
9.097801e+03 3.555479e+38
9.088155e+03 2.262372e+38
9.078529e+03 1.575028e+38
9.068924e+03 4.228633e+38
9.059339e+03 1.249770e+38
9.049774e+03 2.924918e+38
9.040229e+03 1.940506e+38
9.030704e+03 2.615157e+38
9.021200e+03 2.604609e+38
9.011715e+03 3.858631e+38
9.002251e+03 2.586454e+38
8.992806e+03 4.565344e+38
8.983381e+03 3.585828e+38
8.973975e+03 3.895083e+38
8.964590e+03 1.989890e+38
8.955224e+03 2.943690e+38
8.945877e+03 2.647022e+38
8.936550e+03 3.685670e+38
8.927243e+03 1.350196e+38
8.917955e+03 3.376384e+38
8.908686e+03 3.655937e+38
8.899436e+03 5.007305e+38
8.890206e+03 3.698314e+38
8.880995e+03 5.362156e+38
8.871802e+03 3.306200e+38
8.862629e+03 4.736096e+38
8.853475e+03 3.971718e+38
8.844340e+03 4.068788e+38
8.835223e+03 2.361796e+38
8.826125e+03 3.042956e+38
8.817046e+03 3.688277e+38
8.807986e+03 6.080944e+38
8.798944e+03 4.388848e+38
8.789921e+03 2.673983e+38
8.780916e+03 4.807905e+38
8.771930e+03 4.493151e+38
8.762962e+03 4.139359e+38
8.754012e+03 5.102846e+38
8.745081e+03 3.095472e+38
8.736168e+03 4.154282e+38
8.727273e+03 6.219179e+38
8.718396e+03 5.248801e+38
8.709537e+03 3.525432e+38
8.700696e+03 3.159401e+38
8.691873e+03 2.766918e+38
8.683068e+03 3.157530e+38
8.674281e+03 2.858984e+38
8.665511e+03 5.641697e+38
8.656759e+03 4.611073e+38
8.648025e+03 2.434767e+38
8.639309e+03 5.717170e+38
8.630610e+03 7.440876e+38
8.621928e+03 2.091687e+38
8.613264e+03 2.840878e+38
8.604618e+03 4.620704e+38
8.595989e+03 3.599889e+38
8.587377e+03 3.903990e+38
8.578782e+03 2.134538e+38
8.570204e+03 4.680730e+38
8.561644e+03 3.233248e+38
8.553100e+03 4.665317e+38
8.544574e+03 4.285811e+38
8.536065e+03 4.318428e+38
8.527572e+03 4.748198e+38
8.519097e+03 3.666352e+38
8.510638e+03 5.162387e+38
8.502196e+03 4.390197e+38
8.493771e+03 2.141358e+38
8.485363e+03 3.683222e+38
8.476971e+03 6.255233e+38
8.468596e+03 3.957682e+38
8.460237e+03 4.462118e+38
8.451895e+03 5.486885e+38
8.443569e+03 4.842144e+38
8.435259e+03 5.942715e+38
8.426966e+03 6.700747e+38
8.418689e+03 3.682190e+38
8.410429e+03 6.384732e+38
8.402185e+03 3.409812e+38
8.393956e+03 3.389009e+38
8.385744e+03 2.951003e+38
8.377548e+03 3.754237e+38
8.369368e+03 4.943961e+38
8.361204e+03 2.286982e+38
8.353056e+03 3.443568e+38
8.344924e+03 3.065939e+38
8.336807e+03 2.705284e+38
8.328706e+03 2.716474e+38
8.320621e+03 4.567909e+38
8.312552e+03 3.787512e+38
8.304498e+03 2.932823e+38
8.296460e+03 3.504269e+38
8.288438e+03 5.430015e+38
8.280431e+03 2.712960e+38
8.272439e+03 3.935363e+37
8.264463e+03 3.490299e+38
8.256502e+03 5.820251e+38
8.248557e+03 3.509008e+38
8.240626e+03 2.743585e+38
8.232711e+03 4.291707e+38
8.224812e+03 3.561169e+38
8.216927e+03 3.920499e+38
8.209057e+03 2.333001e+38
8.201203e+03 6.330926e+38
8.193363e+03 5.863785e+38
8.185539e+03 5.547980e+38
8.177729e+03 5.985000e+38
8.169935e+03 3.178255e+38
8.162155e+03 5.584526e+38
8.154390e+03 4.275142e+38
8.146640e+03 3.187578e+38
8.138904e+03 2.384811e+38
8.131183e+03 4.769915e+38
8.123477e+03 4.389118e+38
8.115785e+03 4.016680e+38
8.108108e+03 2.856303e+38
8.100446e+03 2.796569e+38
8.092797e+03 4.387584e+38
8.085164e+03 4.448367e+38
8.077544e+03 7.201511e+38
8.069939e+03 2.046955e+38
8.062349e+03 3.280745e+38
8.054772e+03 5.718804e+38
8.047210e+03 3.687284e+38
8.039662e+03 4.465362e+38
8.032129e+03 2.484568e+38
8.024609e+03 4.492203e+38
8.017103e+03 2.486019e+38
8.009612e+03 4.936782e+38
8.002134e+03 4.964055e+38
7.994670e+03 4.123566e+38
7.987220e+03 3.381667e+38
7.979785e+03 5.839492e+38
7.972362e+03 5.443507e+38
7.964954e+03 8.738454e+38
7.957560e+03 6.708444e+38
7.950179e+03 3.340855e+38
7.942812e+03 5.912724e+38
7.935458e+03 6.680617e+38
7.928118e+03 3.710199e+38
7.920792e+03 2.494725e+38
7.913479e+03 2.017853e+38
7.906180e+03 3.772217e+38
7.898894e+03 5.911016e+38
7.891622e+03 2.579243e+38
7.884363e+03 5.063078e+38
7.877117e+03 5.118657e+38
7.869885e+03 5.079764e+38
7.862665e+03 4.217087e+38
7.855460e+03 4.766725e+38
7.848267e+03 6.463771e+38
7.841087e+03 9.464350e+38
7.833921e+03 5.161301e+38
7.826768e+03 3.858894e+38
7.819627e+03 4.351060e+38
7.812500e+03 7.021087e+38
7.805386e+03 5.715977e+38
7.798284e+03 6.099932e+38
7.791196e+03 4.762523e+38
7.784120e+03 5.195880e+38
7.777058e+03 5.667502e+38
7.770008e+03 7.035502e+38
7.762971e+03 6.140015e+38
7.755946e+03 4.419922e+38
7.748935e+03 3.067803e+38
7.741935e+03 6.086064e+38
7.734949e+03 6.222505e+38
7.727975e+03 5.706750e+38
7.721014e+03 7.489673e+38
7.714065e+03 3.535956e+38
7.707129e+03 5.780599e+38
7.700205e+03 6.755702e+38
7.693294e+03 5.003736e+38
7.686395e+03 6.262315e+38
7.679509e+03 6.362883e+38
7.672634e+03 4.028219e+38
7.665772e+03 6.744312e+38
7.658923e+03 4.972039e+38
7.652085e+03 5.856976e+38
7.645260e+03 5.928726e+38
7.638447e+03 7.250677e+38
7.631646e+03 5.002332e+38
7.624857e+03 4.588750e+38
7.618080e+03 7.293956e+38
7.611315e+03 5.493854e+38
7.604563e+03 5.030424e+38
7.597822e+03 5.465562e+38
7.591093e+03 5.063888e+38
7.584376e+03 6.006083e+38
7.577671e+03 6.037974e+38
7.570978e+03 6.041891e+38
7.564297e+03 7.881386e+38
7.557627e+03 3.203582e+38
7.550969e+03 5.138902e+38
7.544323e+03 4.204028e+38
7.537688e+03 6.482079e+38
7.531066e+03 6.047224e+38
7.524454e+03 1.030664e+39
7.517855e+03 5.119311e+38
7.511267e+03 4.252115e+38
7.504690e+03 6.604521e+38
7.498125e+03 3.649079e+38
7.491572e+03 7.493790e+38
7.485030e+03 5.223523e+38
7.478499e+03 5.662595e+38
7.471980e+03 7.630771e+38
7.465472e+03 8.076331e+38
7.458976e+03 7.104344e+38
7.452490e+03 1.048898e+39
7.446016e+03 9.583666e+38
7.439554e+03 6.600310e+38
7.433102e+03 7.152227e+38
7.426662e+03 7.177245e+38
7.420233e+03 6.721231e+38
7.413814e+03 5.702618e+38
7.407407e+03 4.380294e+38
7.401011e+03 6.743666e+38
7.394627e+03 6.319031e+38
7.388253e+03 6.817302e+38
7.381890e+03 3.872222e+38
7.375538e+03 6.761915e+38
7.369197e+03 5.774890e+38
7.362867e+03 5.454758e+38
7.356547e+03 5.438706e+38
7.350239e+03 4.943668e+38
7.343941e+03 6.369669e+38
7.337654e+03 6.733447e+38
7.331378e+03 4.360206e+38
7.325113e+03 6.957075e+38
7.318858e+03 3.894315e+38
7.312614e+03 5.003234e+38
7.306381e+03 6.486097e+38
7.300158e+03 7.506981e+38
7.293946e+03 5.970895e+38
7.287744e+03 5.966411e+38
7.281553e+03 8.475777e+38
7.275373e+03 8.011150e+38
7.269203e+03 5.975478e+38
7.263043e+03 3.497973e+38
7.256894e+03 8.988710e+38
7.250755e+03 7.990406e+38
7.244627e+03 6.585268e+38
7.238509e+03 6.070435e+38
7.232401e+03 3.560414e+38
7.226304e+03 8.087169e+38
7.220217e+03 1.004080e+39
7.214140e+03 4.126894e+38
7.208073e+03 7.975977e+38
7.202017e+03 7.656638e+38
7.195970e+03 5.051090e+38
7.189934e+03 7.652332e+38
7.183908e+03 5.649913e+38
7.177892e+03 3.593041e+38
7.171886e+03 9.723316e+38
7.165890e+03 3.066563e+38
7.159905e+03 2.611034e+38
7.153929e+03 5.717351e+38
7.147963e+03 4.149470e+38
7.142007e+03 6.630874e+38
7.136061e+03 5.767131e+38
7.130125e+03 7.841646e+38
7.124199e+03 9.249062e+38
7.118282e+03 6.333964e+38
7.112376e+03 8.878784e+38
7.106479e+03 1.139598e+39
7.100592e+03 8.488070e+38
7.094714e+03 9.925811e+38
7.088847e+03 7.811587e+38
7.082989e+03 9.487608e+38
7.077141e+03 8.438805e+38
7.071302e+03 6.293541e+38
7.065473e+03 8.482832e+38
7.059654e+03 4.278368e+38
7.053844e+03 1.164012e+39
7.048044e+03 9.589307e+38
7.042254e+03 7.959653e+38
7.036472e+03 8.426647e+38
7.030701e+03 8.046125e+38
7.024939e+03 6.314305e+38
7.019186e+03 6.406591e+38
7.013442e+03 4.841883e+38
7.007708e+03 3.810024e+38
7.001984e+03 4.812932e+38
6.996269e+03 4.307465e+38
6.990563e+03 9.228233e+38
6.984866e+03 1.132498e+39
6.979179e+03 1.029056e+39
6.973501e+03 9.729270e+38
6.967832e+03 8.227439e+38
6.962172e+03 5.506243e+38
6.956522e+03 7.626868e+38
6.950880e+03 4.882974e+38
6.945248e+03 8.021837e+38
6.939625e+03 1.052117e+39
6.934011e+03 5.000113e+38
6.928406e+03 7.708463e+38
6.922811e+03 9.951227e+38
6.917224e+03 6.642290e+38
6.911646e+03 6.644136e+38
6.906077e+03 6.133862e+38
6.900518e+03 9.980080e+38
6.894967e+03 1.051887e+39
6.889425e+03 7.707312e+38
6.883892e+03 6.154532e+38
6.878368e+03 5.679779e+38
6.872852e+03 7.264727e+38
6.867346e+03 5.141272e+38
6.861848e+03 8.438283e+38
6.856359e+03 6.758201e+38
6.850879e+03 1.179744e+39
6.845408e+03 1.237747e+39
6.839945e+03 1.478027e+39
6.834491e+03 9.735642e+38
6.829046e+03 6.225393e+38
6.823610e+03 9.014007e+38
6.818182e+03 7.414800e+38
6.812763e+03 1.065205e+39
6.807352e+03 8.647103e+38
6.801950e+03 1.143015e+39
6.796556e+03 7.979406e+38
6.791171e+03 9.768452e+38
6.785795e+03 5.656066e+38
6.780427e+03 1.096703e+39
6.775068e+03 8.106483e+38
6.769717e+03 6.394421e+38
6.764374e+03 1.509847e+39
6.759040e+03 9.341152e+38
6.753715e+03 8.174242e+38
6.748397e+03 5.893434e+38
6.743088e+03 1.027196e+39
6.737788e+03 8.755850e+38
6.732496e+03 1.286211e+39
6.727212e+03 5.869472e+38
6.721936e+03 1.173675e+39
6.716669e+03 6.356794e+38
6.711409e+03 7.699613e+38
6.706158e+03 6.481255e+38
6.700916e+03 7.734549e+38
6.695681e+03 8.319247e+38
6.690455e+03 5.217701e+38
6.685237e+03 1.429010e+39
6.680027e+03 5.341111e+38
6.674825e+03 1.051627e+39
6.669631e+03 8.278461e+38
6.664445e+03 6.504205e+38
6.659267e+03 1.023776e+39
6.654098e+03 9.636679e+38
6.648936e+03 1.083639e+39
6.643783e+03 5.990180e+38
6.638637e+03 1.207794e+39
6.633499e+03 1.262759e+39
6.628369e+03 1.011221e+39
6.623248e+03 1.004874e+39
6.618134e+03 1.091962e+39
6.613028e+03 9.623634e+38
6.607930e+03 5.959261e+38
6.602839e+03 7.938496e+38
6.597757e+03 8.028334e+38
6.592682e+03 1.150136e+39
6.587615e+03 5.484691e+38
6.582556e+03 1.156594e+39
6.577505e+03 1.206861e+39
6.572461e+03 9.092374e+38
6.567426e+03 4.889744e+38
6.562397e+03 1.171526e+39
6.557377e+03 9.252993e+38
6.552364e+03 1.173117e+39
6.547359e+03 8.045952e+38
6.542362e+03 7.411900e+38
6.537372e+03 6.005032e+38
6.532390e+03 9.196857e+38
6.527415e+03 1.061305e+39
6.522448e+03 7.928077e+38
6.517489e+03 9.311956e+38
6.512537e+03 1.197548e+39
6.507592e+03 1.074772e+39
6.502655e+03 9.454422e+38
6.497726e+03 1.378512e+39
6.492804e+03 1.006791e+39
6.487889e+03 6.928572e+38
6.482982e+03 8.739546e+38
6.478082e+03 1.245292e+39
6.473190e+03 8.150406e+38
6.468305e+03 1.072803e+39
6.463428e+03 1.517223e+39
6.458558e+03 8.352043e+38
6.453695e+03 1.144969e+39
6.448839e+03 1.523078e+39
6.443991e+03 6.966787e+38
6.439150e+03 9.536161e+38
6.434316e+03 1.275466e+39
6.429490e+03 1.018743e+39
6.424671e+03 1.069340e+39
6.419859e+03 1.208020e+39
6.415054e+03 6.421769e+38
6.410256e+03 1.046720e+39
6.405466e+03 1.162656e+39
6.400683e+03 1.152690e+39
6.395907e+03 1.096504e+39
6.391138e+03 1.074709e+39
6.386376e+03 1.284182e+39
6.381621e+03 7.892609e+38
6.376873e+03 1.211698e+39
6.372133e+03 1.352285e+39
6.367399e+03 1.110709e+39
6.362672e+03 1.046997e+39
6.357953e+03 6.544501e+38
6.353240e+03 9.642402e+38
6.348535e+03 5.769613e+38
6.343836e+03 1.453703e+39
6.339144e+03 8.666024e+38
6.334459e+03 1.180517e+39
6.329782e+03 1.382130e+39
6.325111e+03 1.394457e+39
6.320447e+03 6.687339e+38
6.315789e+03 1.258168e+39
6.311139e+03 7.799366e+38
6.306496e+03 9.320391e+38
6.301859e+03 1.601415e+39
6.297229e+03 1.100523e+39
6.292606e+03 1.120957e+39
6.287990e+03 1.013621e+39
6.283380e+03 1.268196e+39
6.278778e+03 7.421668e+38
6.274182e+03 1.150819e+39
6.269592e+03 9.405081e+38
6.265010e+03 8.828369e+38
6.260434e+03 1.142431e+39
6.255865e+03 1.456774e+39
6.251302e+03 8.725731e+38
6.246746e+03 1.268919e+39
6.242197e+03 1.354543e+39
6.237655e+03 7.839229e+38
6.233119e+03 8.631863e+38
6.228589e+03 9.530332e+38
6.224066e+03 1.034477e+39
6.219550e+03 1.571431e+39
6.215040e+03 9.693150e+38
6.210537e+03 8.146357e+38
6.206041e+03 6.152141e+38
6.201550e+03 1.225657e+39
6.197067e+03 9.523908e+38
6.192590e+03 8.262122e+38
6.188119e+03 1.234336e+39
6.183655e+03 4.896501e+38
6.179197e+03 5.466952e+38
6.174745e+03 7.518914e+38
6.170300e+03 1.265909e+39
6.165862e+03 9.774087e+38
6.161429e+03 6.957534e+38
6.157004e+03 8.352152e+38
6.152584e+03 4.914729e+38
6.148171e+03 4.233422e+38
6.143764e+03 1.118044e+39
6.139364e+03 1.037129e+39
6.134969e+03 4.224006e+38
6.130581e+03 2.807945e+38
6.126200e+03 2.850566e+38
6.121824e+03 5.733989e+38
6.117455e+03 7.767698e+38
6.113092e+03 7.659412e+38
6.108735e+03 6.986542e+38
6.104385e+03 7.047867e+38
6.100041e+03 4.162610e+38
6.095703e+03 5.570211e+38
6.091371e+03 4.274141e+38
6.087045e+03 5.035055e+38
6.082725e+03 7.859565e+38
6.078412e+03 5.587600e+38
6.074104e+03 5.495616e+38
6.069803e+03 5.558129e+38
6.065507e+03 5.826977e+38
6.061218e+03 4.287922e+38
6.056935e+03 5.569283e+38
6.052658e+03 5.748286e+38
6.048387e+03 4.995210e+38
6.044122e+03 9.471871e+38
6.039863e+03 5.619280e+38
6.035610e+03 2.779483e+38
6.031363e+03 5.788175e+38
6.027122e+03 7.734080e+38
6.022887e+03 1.230850e+39
6.018658e+03 5.180457e+38
6.014435e+03 5.861758e+38
6.010217e+03 6.523069e+38
6.006006e+03 5.087096e+38
6.001801e+03 6.645728e+38
5.997601e+03 8.138078e+38
5.993407e+03 5.177126e+38
5.989219e+03 6.573690e+38
5.985037e+03 3.736008e+38
5.980861e+03 1.162945e+39
5.976691e+03 8.708540e+38
5.972526e+03 6.722137e+38
5.968368e+03 6.007285e+38
5.964215e+03 6.025474e+38
5.960068e+03 7.525661e+38
5.955926e+03 7.500666e+38
5.951790e+03 1.328993e+39
5.947661e+03 1.282219e+39
5.943536e+03 8.221609e+38
5.939418e+03 9.646794e+38
5.935305e+03 8.393323e+38
5.931198e+03 7.528952e+38
5.927097e+03 8.302352e+38
5.923001e+03 8.289272e+38
5.918911e+03 9.091184e+38
5.914826e+03 6.899348e+38
5.910748e+03 1.062147e+39
5.906675e+03 1.201414e+39
5.902607e+03 1.378629e+39
5.898545e+03 1.223005e+39
5.894489e+03 7.626920e+38
5.890438e+03 6.983902e+38
5.886393e+03 5.367745e+38
5.882353e+03 9.081300e+38
5.878319e+03 8.444335e+38
5.874290e+03 1.532947e+39
5.870267e+03 9.315750e+38
5.866250e+03 6.773107e+38
5.862237e+03 6.208277e+38
5.858231e+03 6.950320e+38
5.854230e+03 2.253756e+38
5.850234e+03 7.785295e+38
5.846244e+03 7.310651e+38
5.842259e+03 6.213352e+38
5.838280e+03 9.171007e+38
5.834306e+03 7.784183e+38
5.830337e+03 4.708549e+38
5.826374e+03 9.281438e+38
5.822416e+03 9.207291e+38
5.818464e+03 6.861035e+38
5.814517e+03 8.514794e+38
5.810575e+03 7.683800e+38
5.806639e+03 9.402055e+38
5.802708e+03 4.595841e+38
5.798782e+03 1.504307e+38
5.794862e+03 3.853590e+38
5.790947e+03 5.309989e+38
5.787037e+03 1.167503e+39
5.783133e+03 7.802467e+38
5.779233e+03 7.694472e+38
5.775339e+03 6.991635e+38
5.771451e+03 1.010440e+39
5.767567e+03 6.373994e+38
5.763689e+03 5.496416e+38
5.759816e+03 1.079887e+39
5.755948e+03 8.739993e+38
5.752085e+03 9.384725e+38
5.748228e+03 2.305798e+38
5.744375e+03 6.340510e+38
5.740528e+03 7.160541e+38
5.736686e+03 7.683396e+38
5.732849e+03 6.968591e+38
5.729017e+03 3.955066e+38
5.725191e+03 8.558805e+38
5.721369e+03 8.040085e+38
5.717553e+03 8.605966e+38
5.713742e+03 6.471734e+38
5.709935e+03 5.558883e+38
5.706134e+03 7.179822e+38
5.702338e+03 1.043006e+39
5.698547e+03 3.163687e+38
5.694761e+03 8.094047e+38
5.690980e+03 7.280038e+38
5.687204e+03 8.025239e+38
5.683433e+03 7.212895e+38
5.679667e+03 5.563123e+38
5.675906e+03 8.118107e+38
5.672150e+03 7.367845e+38
5.668399e+03 4.994877e+38
5.664653e+03 7.180859e+38
5.660911e+03 5.582215e+38
5.657175e+03 5.010254e+38
5.653444e+03 1.063814e+39
5.649718e+03 8.958228e+38
5.645996e+03 5.608326e+38
5.642279e+03 1.530148e+39
5.638568e+03 9.009593e+38
5.634861e+03 9.843254e+38
5.631159e+03 4.146944e+38
5.627462e+03 1.230255e+39
5.623770e+03 8.237661e+38
5.620082e+03 1.648295e+39
5.616400e+03 5.722085e+38
5.612722e+03 3.285212e+38
5.609049e+03 6.532250e+38
5.605381e+03 1.331763e+39
5.601718e+03 1.080211e+39
5.598059e+03 5.057053e+38
5.594406e+03 1.322156e+39
5.590757e+03 1.179723e+39
5.587112e+03 5.881221e+38
5.583473e+03 7.331089e+38
5.579838e+03 1.009638e+39
5.576208e+03 5.968796e+38
5.572583e+03 1.664047e+39
5.568962e+03 1.953337e+39
5.565346e+03 9.338181e+38
5.561735e+03 1.611952e+39
5.558129e+03 1.329083e+39
5.554527e+03 9.240828e+38
5.550930e+03 1.620561e+39
5.547337e+03 1.779801e+39
5.543749e+03 1.279301e+39
5.540166e+03 1.119446e+39
5.536588e+03 1.341178e+39
5.533014e+03 1.334350e+39
5.529444e+03 7.687513e+38
5.525880e+03 1.191677e+39
5.522319e+03 5.202972e+38
5.518764e+03 1.211032e+39
5.515213e+03 1.217457e+39
5.511666e+03 8.650316e+38
5.508124e+03 2.088638e+39
5.504587e+03 1.332668e+39
5.501054e+03 1.274622e+39
5.497526e+03 9.709785e+38
5.494002e+03 8.706315e+38
5.490483e+03 1.496254e+39
5.486968e+03 1.403789e+39
5.483458e+03 1.302408e+39
5.479953e+03 1.142496e+39
5.476451e+03 1.494402e+39
5.472954e+03 1.866957e+39
5.469462e+03 2.090674e+39
5.465974e+03 1.930167e+39
5.462491e+03 1.317511e+39
5.459012e+03 1.676870e+39
5.455537e+03 1.223963e+39
5.452067e+03 1.326071e+39
5.448602e+03 1.636736e+39
5.445140e+03 1.397449e+39
5.441683e+03 1.083865e+39
5.438231e+03 1.427998e+39
5.434783e+03 1.263522e+39
5.431339e+03 1.404909e+39
5.427899e+03 1.426702e+39
5.424464e+03 1.617811e+39
5.421034e+03 1.427932e+39
5.417607e+03 1.419286e+39
5.414185e+03 1.244769e+39
5.410767e+03 8.901634e+38
5.407354e+03 9.012083e+38
5.403945e+03 1.154304e+39
5.400540e+03 6.196822e+38
5.397140e+03 9.950782e+38
5.393743e+03 1.130801e+39
5.390351e+03 8.117896e+38
5.386964e+03 6.336008e+38
5.383580e+03 9.861897e+38
5.380201e+03 1.197946e+39
5.376826e+03 9.584403e+38
5.373455e+03 1.082842e+39
5.370089e+03 1.280772e+39
5.366726e+03 8.892489e+38
5.363368e+03 1.814545e+39
5.360014e+03 8.900783e+38
5.356665e+03 1.002484e+39
5.353319e+03 1.531243e+39
5.349978e+03 1.293763e+39
5.346641e+03 1.199087e+39
5.343308e+03 1.001632e+39
5.339979e+03 4.447454e+38
5.336654e+03 9.166382e+38
5.333333e+03 4.625627e+38
5.330017e+03 8.948124e+38
5.326705e+03 1.267904e+39
5.323396e+03 1.199377e+39
5.320092e+03 9.318267e+38
5.316792e+03 1.091058e+39
5.313496e+03 8.210542e+38
5.310204e+03 1.307430e+39
5.306917e+03 6.547341e+38
5.303633e+03 1.215973e+39
5.300353e+03 1.202134e+39
5.297078e+03 1.221366e+39
5.293806e+03 8.256652e+38
5.290539e+03 1.728969e+39
5.287275e+03 2.832441e+38
5.284016e+03 8.536375e+38
5.280760e+03 1.215942e+39
5.277509e+03 1.506400e+39
5.274262e+03 9.993483e+38
5.271018e+03 1.049951e+39
5.267779e+03 1.315532e+39
5.264543e+03 1.242372e+39
5.261312e+03 7.550185e+38
5.258084e+03 9.353169e+38
5.254861e+03 1.412488e+39
5.251641e+03 1.105737e+39
5.248425e+03 1.238584e+39
5.245214e+03 8.510603e+38
5.242006e+03 9.439155e+38
5.238802e+03 1.528183e+39
5.235602e+03 1.593889e+39
5.232406e+03 1.099248e+39
5.229214e+03 1.047553e+39
5.226026e+03 1.345804e+39
5.222841e+03 1.074714e+39
5.219661e+03 5.799033e+38
5.216484e+03 1.047158e+39
5.213311e+03 1.110398e+39
5.210142e+03 8.303482e+38
5.206977e+03 1.026856e+39
5.203816e+03 1.154170e+39
5.200659e+03 1.515713e+39
5.197505e+03 1.315531e+39
5.194355e+03 1.503965e+39
5.191210e+03 9.779478e+38
5.188067e+03 9.341164e+38
5.184929e+03 1.147423e+39
5.181795e+03 1.624483e+39
5.178664e+03 1.841732e+39
5.175537e+03 1.448235e+39
5.172414e+03 8.853980e+38
5.169294e+03 7.390272e+38
5.166179e+03 1.339488e+39
5.163067e+03 1.057621e+39
5.159959e+03 8.032744e+38
5.156854e+03 8.387123e+38
5.153754e+03 8.729245e+38
5.150657e+03 1.110711e+39
5.147563e+03 1.476658e+39
5.144474e+03 1.427960e+39
5.141388e+03 1.073872e+39
5.138306e+03 1.090571e+39
5.135228e+03 1.067109e+39
5.132153e+03 7.794594e+38
5.129082e+03 6.857605e+38
5.126015e+03 1.470775e+39
5.122951e+03 8.295140e+38
5.119891e+03 1.168649e+39
5.116834e+03 9.717982e+38
5.113782e+03 1.384804e+39
5.110733e+03 1.078566e+39
5.107687e+03 7.911592e+38
5.104645e+03 8.121300e+38
5.101607e+03 1.075015e+39
5.098572e+03 1.359074e+39
5.095541e+03 1.287051e+39
5.092514e+03 1.794234e+39
5.089490e+03 8.137429e+38
5.086470e+03 1.053509e+39
5.083453e+03 9.910434e+38
5.080440e+03 1.299250e+39
5.077431e+03 9.542764e+38
5.074425e+03 1.685539e+39
5.071423e+03 1.412077e+39
5.068424e+03 1.320411e+39
5.065428e+03 1.205453e+39
5.062437e+03 9.885898e+38
5.059449e+03 1.314997e+39
5.056464e+03 9.622204e+38
5.053483e+03 9.215396e+38
5.050505e+03 7.014197e+38
5.047531e+03 1.406551e+39
5.044560e+03 1.400731e+39
5.041593e+03 1.074406e+39
5.038629e+03 1.031418e+39
5.035669e+03 1.088256e+39
5.032713e+03 1.981660e+39
5.029759e+03 1.543700e+39
5.026810e+03 7.899576e+38
5.023863e+03 1.516290e+39
5.020921e+03 8.756715e+38
5.017981e+03 1.708164e+39
5.015045e+03 8.746570e+38
5.012113e+03 1.008041e+39
5.009184e+03 1.268464e+39
5.006258e+03 1.269714e+39
5.003336e+03 1.549233e+39
5.000417e+03 1.565612e+39
4.997501e+03 9.265968e+38
4.994589e+03 9.116787e+38
4.991681e+03 7.135529e+38
4.988775e+03 1.419183e+39
4.985873e+03 1.408106e+39
4.982975e+03 1.195231e+39
4.980080e+03 6.308440e+38
4.977188e+03 1.846996e+39
4.974299e+03 1.355549e+39
4.971414e+03 5.168041e+38
4.968533e+03 7.168729e+38
4.965654e+03 5.148157e+38
4.962779e+03 1.093111e+39
4.959907e+03 6.390857e+38
4.957039e+03 7.334895e+38
4.954174e+03 7.906525e+38
4.951312e+03 8.331117e+38
4.948454e+03 1.032252e+39
4.945598e+03 6.173419e+38
4.942747e+03 9.991303e+38
4.939898e+03 1.028161e+39
4.937053e+03 8.395392e+38
4.934211e+03 1.028229e+39
4.931372e+03 1.352748e+39
4.928536e+03 3.906489e+38
4.925704e+03 1.347795e+39
4.922875e+03 1.653913e+39
4.920049e+03 9.288428e+38
4.917227e+03 5.073675e+38
4.914407e+03 8.188587e+38
4.911591e+03 7.090786e+38
4.908779e+03 1.137219e+39
4.905969e+03 1.354396e+39
4.903163e+03 5.335444e+38
4.900359e+03 1.701543e+39
4.897559e+03 7.176576e+38
4.894763e+03 7.297824e+38
4.891969e+03 1.051034e+39
4.889179e+03 9.459212e+38
4.886391e+03 5.486646e+38
4.883607e+03 1.068132e+39
4.880826e+03 1.173530e+39
4.878049e+03 1.108509e+39
4.875274e+03 6.405219e+38
4.872503e+03 1.608843e+39
4.869735e+03 1.050199e+39
4.866970e+03 1.492299e+39
4.864208e+03 1.089153e+39
4.861449e+03 5.448807e+38
4.858693e+03 8.819688e+38
4.855940e+03 1.415837e+39
4.853191e+03 1.108395e+39
4.850445e+03 9.961867e+38
4.847701e+03 1.219328e+39
4.844961e+03 1.353535e+39
4.842224e+03 8.998821e+38
4.839490e+03 8.929584e+38
4.836759e+03 1.216459e+39
4.834032e+03 9.088913e+38
4.831307e+03 1.453783e+39
4.828585e+03 1.139683e+39
4.825867e+03 1.535964e+39
4.823151e+03 1.140900e+39
4.820439e+03 1.027642e+39
4.817729e+03 2.369941e+39
4.815023e+03 1.036381e+39
4.812320e+03 1.808833e+39
4.809619e+03 1.131624e+39
4.806922e+03 1.375026e+39
4.804228e+03 1.042617e+39
4.801536e+03 1.688883e+39
4.798848e+03 1.369404e+39
4.796163e+03 1.613897e+39
4.793481e+03 1.255493e+39
4.790802e+03 1.023112e+39
4.788125e+03 1.749144e+39
4.785452e+03 1.154295e+39
4.782782e+03 1.152774e+39
4.780115e+03 5.674002e+38
4.777450e+03 1.034430e+39
4.774789e+03 1.389172e+39
4.772131e+03 1.044546e+39
4.769475e+03 1.387960e+39
4.766823e+03 1.519246e+39
4.764173e+03 1.393944e+39
4.761527e+03 1.880644e+39
4.758883e+03 1.413216e+39
4.756243e+03 1.480420e+39
4.753605e+03 1.968964e+39
4.750970e+03 1.280990e+39
4.748338e+03 1.752988e+39
4.745709e+03 1.181378e+39
4.743083e+03 1.049947e+39
4.740460e+03 1.482954e+39
4.737840e+03 1.264029e+39
4.735222e+03 1.756691e+39
4.732608e+03 1.427532e+39
4.729996e+03 1.158996e+39
4.727387e+03 2.007706e+39
4.724781e+03 1.891398e+39
4.722178e+03 1.545890e+39
4.719578e+03 1.425485e+39
4.716981e+03 2.130268e+39
4.714387e+03 1.875411e+39
4.711795e+03 2.270137e+39
4.709206e+03 1.440509e+39
4.706621e+03 8.494282e+38
4.704038e+03 1.075287e+39
4.701457e+03 2.288962e+39
4.698880e+03 1.444592e+39
4.696306e+03 1.829425e+39
4.693734e+03 1.922742e+39
4.691165e+03 1.683371e+39
4.688599e+03 2.542528e+39
4.686036e+03 2.162325e+39
4.683475e+03 8.332825e+38
4.680917e+03 1.554540e+39
4.678363e+03 1.555354e+39
4.675810e+03 1.623290e+39
4.673261e+03 1.436575e+39
4.670715e+03 1.571782e+39
4.668171e+03 2.293633e+39
4.665630e+03 1.925256e+39
4.663092e+03 1.319207e+39
4.660556e+03 1.178657e+39
4.658023e+03 2.082135e+39
4.655493e+03 1.942113e+39
4.652966e+03 2.125011e+39
4.650442e+03 2.096144e+39
4.647920e+03 2.439684e+39
4.645401e+03 2.039407e+39
4.642885e+03 1.282611e+39
4.640371e+03 1.246440e+39
4.637860e+03 1.845662e+39
4.635352e+03 2.446645e+39
4.632847e+03 2.564678e+39
4.630344e+03 1.998149e+39
4.627844e+03 1.902293e+39
4.625347e+03 2.819621e+39
4.622852e+03 2.080033e+39
4.620360e+03 1.072561e+39
4.617871e+03 2.206808e+39
4.615385e+03 1.730100e+39
4.612901e+03 2.840328e+39
4.610420e+03 1.752806e+39
4.607941e+03 1.968424e+39
4.605465e+03 2.550035e+39
4.602992e+03 3.097120e+39
4.600521e+03 1.755474e+39
4.598053e+03 2.327712e+39
4.595588e+03 2.572616e+39
4.593126e+03 2.422125e+39
4.590666e+03 2.166073e+39
4.588208e+03 1.880093e+39
4.585754e+03 1.902321e+39
4.583302e+03 1.250257e+39
4.580852e+03 1.333263e+39
4.578405e+03 2.629945e+39
4.575961e+03 2.139284e+39
4.573519e+03 2.254453e+39
4.571080e+03 2.726081e+39
4.568644e+03 2.013277e+39
4.566210e+03 2.765599e+39
4.563779e+03 1.653810e+39
4.561350e+03 2.501788e+39
4.558924e+03 2.911994e+39
4.556501e+03 1.866158e+39
4.554080e+03 1.775398e+39
4.551661e+03 2.130239e+39
4.549246e+03 2.651667e+39
4.546832e+03 1.528963e+39
4.544422e+03 1.994890e+39
4.542014e+03 2.435472e+39
4.539608e+03 1.681428e+39
4.537205e+03 2.547291e+39
4.534805e+03 2.755739e+39
4.532407e+03 1.003646e+39
4.530011e+03 2.049972e+39
4.527618e+03 2.313342e+39
4.525228e+03 2.460819e+39
4.522840e+03 2.434652e+39
4.520455e+03 2.403461e+39
4.518072e+03 2.704614e+39
4.515692e+03 1.664571e+39
4.513314e+03 1.285282e+39
4.510939e+03 2.163903e+39
4.508566e+03 3.091160e+39
4.506196e+03 3.064907e+39
4.503828e+03 1.181233e+39
4.501463e+03 1.642771e+39
4.499100e+03 1.878909e+39
4.496740e+03 1.972848e+39
4.494382e+03 2.442534e+39
4.492027e+03 2.466466e+39
4.489674e+03 2.223390e+39
4.487323e+03 2.430732e+39
4.484975e+03 1.919935e+39
4.482630e+03 2.957131e+39
4.480287e+03 2.297252e+39
4.477946e+03 1.805973e+39
4.475608e+03 3.168893e+39
4.473272e+03 2.362669e+39
4.470939e+03 3.210845e+39
4.468608e+03 2.997368e+39
4.466280e+03 2.242223e+39
4.463954e+03 1.635100e+39
4.461630e+03 1.697161e+39
4.459309e+03 2.566064e+39
4.456990e+03 1.688406e+39
4.454674e+03 2.194456e+39
4.452360e+03 1.688770e+39
4.450048e+03 2.876410e+39
4.447739e+03 2.733839e+39
4.445432e+03 1.298729e+39
4.443128e+03 2.666524e+39
4.440826e+03 1.834105e+39
4.438526e+03 1.701184e+39
4.436229e+03 9.164447e+38
4.433934e+03 1.328254e+39
4.431642e+03 1.813701e+39
4.429352e+03 2.300125e+39
4.427064e+03 2.114210e+39
4.424779e+03 1.680523e+39
4.422496e+03 1.196891e+39
4.420215e+03 1.813978e+39
4.417937e+03 1.837271e+39
4.415661e+03 2.125118e+39
4.413387e+03 9.257991e+38
4.411116e+03 1.408886e+39
4.408847e+03 1.353796e+39
4.406580e+03 1.412512e+39
4.404316e+03 1.164129e+39
4.402054e+03 2.124076e+39
4.399795e+03 1.177059e+39
4.397537e+03 2.054771e+39
4.395282e+03 1.763959e+39
4.393030e+03 1.689231e+39
4.390779e+03 2.352617e+39
4.388531e+03 1.991786e+39
4.386286e+03 1.976484e+39
4.384042e+03 8.718072e+38
4.381801e+03 2.095969e+39
4.379562e+03 1.713843e+39
4.377325e+03 1.754366e+39
4.375091e+03 1.624833e+39
4.372859e+03 2.300106e+39
4.370629e+03 1.572649e+39
4.368402e+03 2.106736e+39
4.366177e+03 2.408842e+39
4.363954e+03 1.852650e+39
4.361733e+03 1.926088e+39
4.359515e+03 2.206291e+39
4.357298e+03 2.453720e+39
4.355085e+03 2.051970e+39
4.352873e+03 2.142360e+39
4.350663e+03 1.345997e+39
4.348456e+03 2.416285e+39
4.346251e+03 2.562772e+39
4.344049e+03 2.221414e+39
4.341848e+03 2.096012e+39
4.339650e+03 1.890389e+39
4.337454e+03 2.202394e+39
4.335260e+03 2.577400e+39
4.333069e+03 3.019230e+39
4.330879e+03 2.367519e+39
4.328692e+03 3.618737e+39
4.326507e+03 2.332300e+39
4.324324e+03 1.801513e+39
4.322144e+03 1.628995e+39
4.319965e+03 1.630781e+39
4.317789e+03 2.881848e+39
4.315615e+03 8.341537e+38
4.313444e+03 1.139182e+39
4.311274e+03 1.838051e+39
4.309107e+03 1.115254e+39
4.306941e+03 2.934409e+39
4.304778e+03 1.381871e+39
4.302617e+03 2.112253e+39
4.300459e+03 1.842226e+39
4.298302e+03 1.471484e+39
4.296148e+03 2.224214e+39
4.293996e+03 1.492129e+39
4.291845e+03 3.952761e+38
4.289698e+03 1.691643e+39
4.287552e+03 1.479730e+39
4.285408e+03 1.121572e+39
4.283267e+03 1.527870e+39
4.281127e+03 1.774878e+39
4.278990e+03 1.467961e+39
4.276855e+03 1.092138e+39
4.274722e+03 9.863876e+38
4.272591e+03 1.390069e+39
4.270463e+03 1.183851e+39
4.268336e+03 1.405124e+39
4.266212e+03 1.410970e+39
4.264089e+03 1.119186e+39
4.261969e+03 9.637960e+38
4.259851e+03 1.113052e+39
4.257735e+03 1.060460e+39
4.255621e+03 1.388711e+39
4.253509e+03 2.829421e+38
4.251399e+03 1.550923e+39
4.249292e+03 1.130891e+39
4.247186e+03 1.960461e+39
4.245083e+03 7.976519e+38
4.242981e+03 1.410214e+39
4.240882e+03 1.211814e+39
4.238785e+03 1.745986e+39
4.236690e+03 1.493417e+39
4.234597e+03 1.704714e+39
4.232506e+03 9.822919e+38
4.230417e+03 1.507151e+39
4.228330e+03 1.138729e+39
4.226245e+03 1.004493e+39
4.224162e+03 1.265068e+39
4.222081e+03 1.447811e+39
4.220003e+03 9.456146e+38
4.217926e+03 1.146933e+39
4.215852e+03 1.387030e+39
4.213779e+03 1.134647e+39
4.211709e+03 7.212038e+38
4.209640e+03 1.385516e+39
4.207574e+03 1.283037e+39
4.205509e+03 4.386782e+38
4.203447e+03 1.102269e+39
4.201386e+03 1.900833e+39
4.199328e+03 1.426936e+39
4.197272e+03 2.020684e+39
4.195217e+03 5.713371e+38
4.193165e+03 1.195564e+39
4.191115e+03 1.292867e+39
4.189067e+03 1.250317e+39
4.187020e+03 1.334851e+39
4.184976e+03 1.165759e+39
4.182934e+03 1.152279e+39
4.180893e+03 1.153630e+39
4.178855e+03 1.612781e+39
4.176819e+03 1.302196e+39
4.174784e+03 2.235958e+39
4.172752e+03 1.414908e+39
4.170722e+03 1.338833e+39
4.168693e+03 2.656503e+39
4.166667e+03 1.760559e+39
4.164642e+03 1.730999e+39
4.162620e+03 1.153728e+39
4.160599e+03 1.518634e+39
4.158581e+03 1.491687e+39
4.156564e+03 1.356913e+39
4.154549e+03 7.537445e+38
4.152537e+03 1.326377e+39
4.150526e+03 1.657210e+39
4.148517e+03 2.263948e+39
4.146510e+03 1.905222e+39
4.144505e+03 2.408127e+39
4.142502e+03 3.022279e+39
4.140501e+03 1.389932e+39
4.138502e+03 1.795808e+39
4.136505e+03 1.779478e+39
4.134509e+03 1.945457e+39
4.132516e+03 1.057482e+39
4.130525e+03 1.520142e+39
4.128535e+03 1.713724e+39
4.126547e+03 2.414109e+39
4.124562e+03 1.395263e+39
4.122578e+03 2.987148e+39
4.120596e+03 9.292612e+38
4.118616e+03 1.708142e+39
4.116638e+03 2.524098e+39
4.114662e+03 1.205114e+39
4.112688e+03 2.446262e+39
4.110715e+03 8.694298e+38
4.108745e+03 1.571195e+39
4.106776e+03 2.188637e+39
4.104809e+03 9.170263e+38
4.102845e+03 2.720250e+39
4.100882e+03 2.593523e+39
4.098921e+03 2.512778e+39
4.096961e+03 3.404780e+39
4.095004e+03 9.367075e+38
4.093049e+03 3.290519e+39
4.091095e+03 1.545007e+39
4.089143e+03 3.351966e+39
4.087193e+03 2.312358e+39
4.085245e+03 2.457018e+39
4.083299e+03 2.186966e+39
4.081355e+03 2.323231e+39
4.079413e+03 1.385975e+39
4.077472e+03 1.544485e+39
4.075533e+03 3.159739e+39
4.073596e+03 2.836378e+39
4.071661e+03 2.201483e+39
4.069728e+03 2.001627e+39
4.067797e+03 1.232098e+39
4.065867e+03 2.084559e+39
4.063939e+03 9.689998e+38
4.062013e+03 1.576120e+39
4.060089e+03 2.497479e+39
4.058167e+03 1.899526e+39
4.056247e+03 1.285979e+39
4.054328e+03 2.886880e+39
4.052411e+03 2.187403e+39
4.050496e+03 1.875893e+39
4.048583e+03 2.404634e+39
4.046672e+03 9.394331e+38
4.044762e+03 2.393684e+39
4.042854e+03 2.211779e+39
4.040948e+03 3.220345e+39
4.039044e+03 2.199295e+39
4.037142e+03 2.218126e+39
4.035241e+03 2.547795e+39
4.033342e+03 2.241053e+39
4.031445e+03 2.736509e+39
4.029550e+03 2.037763e+39
4.027657e+03 3.414124e+39
4.025765e+03 3.202729e+39
4.023875e+03 1.602921e+39
4.021987e+03 2.408314e+39
4.020101e+03 2.428576e+39
4.018216e+03 2.261243e+39
4.016333e+03 3.656988e+39
4.014452e+03 2.976528e+39
4.012573e+03 3.068019e+39
4.010695e+03 2.355903e+39
4.008819e+03 3.304961e+39
4.006945e+03 1.801750e+39
4.005073e+03 2.386585e+39
4.003203e+03 1.564515e+39
4.001334e+03 3.069083e+39
3.999467e+03 3.600305e+39
3.997601e+03 2.941666e+39
3.995738e+03 3.303216e+39
3.993876e+03 2.667219e+39
3.992016e+03 2.306851e+39
3.990158e+03 2.292828e+39
3.988301e+03 1.488345e+39
3.986446e+03 2.625576e+39
3.984593e+03 3.252229e+39
3.982741e+03 1.771348e+39
3.980892e+03 1.267566e+39
3.979044e+03 2.884509e+39
3.977197e+03 2.424300e+39
3.975353e+03 2.895373e+39
3.973510e+03 2.361193e+39
3.971669e+03 2.986442e+39
3.969829e+03 1.155698e+39
3.967992e+03 4.014913e+39
3.966155e+03 2.298763e+39
3.964321e+03 2.162156e+39
3.962488e+03 2.005253e+39
3.960657e+03 3.697497e+39
3.958828e+03 2.670235e+39
3.957001e+03 2.298770e+39
3.955175e+03 3.370615e+39
3.953350e+03 2.837641e+39
3.951528e+03 2.132092e+39
3.949707e+03 3.804664e+39
3.947888e+03 2.444920e+39
3.946070e+03 3.111061e+39
3.944255e+03 2.704143e+39
3.942440e+03 3.974552e+39
3.940628e+03 3.450313e+39
3.938817e+03 1.507204e+39
3.937008e+03 2.796679e+39
3.935200e+03 3.621424e+39
3.933395e+03 2.676442e+39
3.931590e+03 2.494113e+39
3.929788e+03 2.363240e+39
3.927987e+03 2.333536e+39
3.926188e+03 1.978410e+39
3.924390e+03 3.743424e+39
3.922594e+03 1.873711e+39
3.920800e+03 2.276404e+39
3.919007e+03 2.517395e+39
3.917216e+03 2.808507e+39
3.915427e+03 2.940028e+39
3.913639e+03 4.161253e+39
3.911853e+03 2.409125e+39
3.910068e+03 2.377728e+39
3.908286e+03 3.314929e+39
3.906504e+03 4.343067e+39
3.904725e+03 3.377577e+39
3.902947e+03 2.305132e+39
3.901170e+03 2.230085e+39
3.899396e+03 1.874741e+39
3.897622e+03 3.580706e+39
3.895851e+03 2.698455e+39
3.894081e+03 1.859119e+39
3.892313e+03 3.038022e+39
3.890546e+03 3.750836e+39
3.888781e+03 3.174381e+39
3.887017e+03 1.565295e+39
3.885255e+03 2.200146e+39
3.883495e+03 2.737778e+39
3.881736e+03 2.206129e+39
3.879979e+03 2.693371e+39
3.878224e+03 1.880581e+39
3.876470e+03 3.301074e+39
3.874717e+03 3.031300e+39
3.872967e+03 3.806844e+39
3.871217e+03 2.556890e+39
3.869470e+03 3.797160e+39
3.867724e+03 1.562435e+39
3.865979e+03 1.686314e+39
3.864236e+03 1.898090e+39
3.862495e+03 2.804969e+39
3.860755e+03 1.855449e+39
3.859017e+03 3.270064e+39
3.857281e+03 3.276690e+39
3.855546e+03 3.631771e+39
3.853812e+03 2.603432e+39
3.852080e+03 1.766831e+39
3.850350e+03 3.641459e+39
3.848621e+03 2.625382e+39
3.846894e+03 2.671666e+39
3.845168e+03 2.868633e+39
3.843444e+03 2.780326e+39
3.841721e+03 1.553925e+39
3.840000e+03 3.217931e+39
3.838280e+03 1.932872e+39
3.836562e+03 1.625760e+39
3.834846e+03 1.901716e+39
3.833131e+03 1.586538e+39
3.831418e+03 2.293620e+39
3.829706e+03 2.121156e+39
3.827995e+03 2.151849e+39
3.826287e+03 2.312449e+39
3.824579e+03 1.893770e+39
3.822874e+03 2.103540e+39
3.821169e+03 2.830609e+39
3.819467e+03 2.838655e+39
3.817765e+03 1.948414e+39
3.816066e+03 1.433780e+39
3.814367e+03 7.278896e+38
3.812671e+03 1.656652e+39
3.810976e+03 2.462764e+39
3.809282e+03 1.446225e+39
3.807590e+03 1.082143e+39
3.805899e+03 2.051023e+39
3.804210e+03 1.112143e+39
3.802522e+03 5.571810e+38
3.800836e+03 1.997010e+39
3.799152e+03 1.449732e+39
3.797468e+03 1.464468e+39
3.795787e+03 1.212888e+39
3.794106e+03 1.226808e+39
3.792428e+03 1.586666e+39
3.790751e+03 7.241603e+38
3.789075e+03 1.481100e+39
3.787401e+03 5.292157e+38
3.785728e+03 3.002634e+39
3.784057e+03 2.026259e+39
3.782387e+03 1.446435e+39
3.780718e+03 1.479376e+39
3.779051e+03 1.991110e+39
3.777386e+03 5.560561e+38
3.775722e+03 1.069963e+39
3.774060e+03 1.289075e+39
3.772399e+03 3.541826e+38
3.770739e+03 1.112292e+39
3.769081e+03 7.504295e+38
3.767424e+03 7.074335e+38
3.765769e+03 7.365895e+38
3.764115e+03 7.517195e+38
3.762463e+03 1.283909e+39
3.760812e+03 5.484141e+38
3.759163e+03 7.295711e+38
3.757515e+03 1.133084e+39
3.755869e+03 9.359215e+38
3.754224e+03 1.107717e+39
3.752580e+03 1.113222e+39
3.750938e+03 3.595319e+38
3.749297e+03 9.356520e+38
3.747658e+03 7.496103e+38
3.746020e+03 7.496792e+38
3.744383e+03 5.744205e+38
3.742748e+03 9.346766e+38
3.741115e+03 3.718689e+38
3.739483e+03 8.740285e+38
3.737852e+03 6.653345e+38
3.736223e+03 1.450302e+39
3.734595e+03 9.473503e+38
3.732968e+03 1.694354e+39
3.731343e+03 1.828097e+39
3.729720e+03 8.614451e+38
3.728097e+03 3.453466e+38
3.726477e+03 8.688566e+38
3.724857e+03 9.321594e+38
3.723239e+03 7.575012e+38
3.721623e+03 1.096981e+39
3.720007e+03 7.259306e+38
3.718394e+03 1.756526e+39
3.716781e+03 9.326785e+38
3.715170e+03 1.089221e+39
3.713561e+03 0.000000e+00
3.711952e+03 1.695077e+39
3.710346e+03 9.303122e+38
3.708740e+03 9.337190e+38
3.707136e+03 0.000000e+00
3.705534e+03 5.566513e+38
3.703932e+03 9.494131e+38
3.702332e+03 8.983041e+38
3.700734e+03 1.070304e+39
3.699137e+03 1.126181e+39
3.697541e+03 3.662953e+38
3.695947e+03 5.409903e+38
3.694354e+03 1.114326e+39
3.692762e+03 1.310188e+39
3.691172e+03 2.734414e+39
3.689583e+03 5.212470e+38
3.687996e+03 1.098206e+39
3.686409e+03 1.604227e+39
3.684825e+03 1.673792e+39
3.683241e+03 2.228072e+39
3.681659e+03 1.462179e+39
3.680079e+03 1.467384e+39
3.678499e+03 1.686536e+39
3.676921e+03 7.542812e+38
3.675345e+03 1.478863e+39
3.673769e+03 1.849412e+39
3.672195e+03 1.660855e+39
3.670623e+03 5.676550e+38
3.669052e+03 9.413425e+38
3.667482e+03 1.483835e+39
3.665913e+03 2.072940e+39
3.664346e+03 1.337622e+39
3.662780e+03 1.305816e+39
3.661216e+03 1.362505e+39
3.659652e+03 1.546982e+39
3.658090e+03 2.133221e+39
3.656530e+03 1.351579e+39
3.654971e+03 1.327076e+39
3.653413e+03 1.334862e+39
3.651856e+03 1.784935e+39
3.650301e+03 1.689111e+39
3.648747e+03 2.462732e+39
3.647195e+03 1.927276e+39
3.645643e+03 1.931014e+39
3.644094e+03 1.499397e+39
3.642545e+03 1.439135e+39
3.640998e+03 3.103970e+39
3.639452e+03 1.931642e+39
3.637907e+03 1.917503e+39
3.636364e+03 2.242069e+39
3.634822e+03 1.955017e+39
3.633281e+03 1.778447e+39
3.631741e+03 2.728701e+39
3.630203e+03 2.285842e+39
3.628666e+03 1.755806e+39
3.627131e+03 1.723276e+39
3.625597e+03 2.569892e+39
3.624064e+03 1.350307e+39
3.622532e+03 2.955130e+39
3.621002e+03 2.544919e+39
3.619473e+03 1.371140e+39
3.617945e+03 1.737734e+39
3.616419e+03 1.800905e+39
3.614893e+03 1.927684e+39
3.613369e+03 2.770317e+39
3.611847e+03 2.155730e+39
3.610326e+03 2.613122e+39
3.608805e+03 3.126721e+39
3.607287e+03 1.173928e+39
3.605769e+03 4.019823e+39
3.604253e+03 2.153967e+39
3.602738e+03 3.172901e+39
3.601224e+03 2.079935e+39
3.599712e+03 2.744633e+39
3.598201e+03 1.572261e+39
3.596691e+03 2.372819e+39
3.595182e+03 4.077174e+39
3.593675e+03 1.778126e+39
3.592169e+03 2.397799e+39
3.590664e+03 3.544750e+39
3.589161e+03 3.367763e+39
3.587658e+03 3.024387e+39
3.586157e+03 2.780523e+39
3.584658e+03 3.383406e+39
3.583159e+03 2.381875e+39
3.581662e+03 2.299293e+39
3.580166e+03 2.418214e+39
3.578671e+03 2.135953e+39
3.577178e+03 1.915650e+39
3.575685e+03 1.819851e+39
3.574194e+03 3.508951e+39
3.572705e+03 3.122932e+39
3.571216e+03 1.810337e+39
3.569729e+03 3.761728e+39
3.568243e+03 2.980602e+39
3.566758e+03 2.478584e+39
3.565274e+03 2.429536e+39
3.563792e+03 2.997469e+39
3.562311e+03 2.201733e+39
3.560831e+03 2.663501e+39
3.559352e+03 3.703101e+39
3.557875e+03 3.443112e+39
3.556399e+03 2.678622e+39
3.554924e+03 2.378803e+39
3.553450e+03 3.409025e+39
3.551977e+03 3.025760e+39
3.550506e+03 3.294200e+39
3.549036e+03 2.001217e+39
3.547567e+03 2.560617e+39
3.546099e+03 2.854195e+39
3.544633e+03 2.181162e+39
3.543168e+03 1.849002e+39
3.541704e+03 1.587238e+39
3.540241e+03 2.086786e+39
3.538779e+03 1.788698e+39
3.537319e+03 2.206867e+39
3.535860e+03 2.893992e+39
3.534402e+03 2.185153e+39
3.532945e+03 1.215389e+39
3.531489e+03 9.899642e+38
3.530035e+03 2.083540e+39
3.528582e+03 2.570653e+39
3.527130e+03 2.420512e+39
3.525679e+03 2.132043e+39
3.524229e+03 3.472861e+39
3.522781e+03 2.001474e+39
3.521333e+03 2.241223e+39
3.519887e+03 2.351186e+39
3.518443e+03 2.374486e+39
3.516999e+03 2.709237e+39
3.515556e+03 2.443564e+39
3.514115e+03 2.856058e+39
3.512675e+03 1.997795e+39
3.511236e+03 2.827363e+39
3.509798e+03 2.727737e+39
3.508362e+03 2.478848e+39
3.506926e+03 3.126769e+39
3.505492e+03 3.153201e+39
3.504059e+03 2.291972e+39
3.502627e+03 2.514845e+39
3.501196e+03 1.819275e+39
3.499767e+03 2.430685e+39
3.498338e+03 2.253019e+39
3.496911e+03 2.140262e+39
3.495485e+03 2.221308e+39
3.494060e+03 3.077795e+39
3.492636e+03 3.101644e+39
3.491214e+03 1.873769e+39
3.489792e+03 1.214531e+39
3.488372e+03 1.860448e+39
3.486953e+03 1.612991e+39
3.485535e+03 2.625871e+39
3.484118e+03 1.605866e+39
3.482703e+03 1.273742e+39
3.481288e+03 2.623835e+39
3.479875e+03 1.953919e+39
3.478463e+03 1.852787e+39
3.477051e+03 1.929045e+39
3.475642e+03 3.217163e+39
3.474233e+03 2.485388e+39
3.472825e+03 2.476729e+39
3.471419e+03 2.408634e+39
3.470013e+03 1.672288e+39
3.468609e+03 1.175275e+39
3.467206e+03 2.349233e+39
3.465804e+03 1.200822e+39
3.464403e+03 2.840906e+39
3.463004e+03 2.313970e+39
3.461605e+03 2.945593e+39
3.460208e+03 1.064894e+39
3.458811e+03 2.998950e+39
3.457416e+03 2.332460e+39
3.456022e+03 3.405907e+39
3.454629e+03 2.486254e+39
3.453237e+03 3.841833e+39
3.451847e+03 2.314939e+39
3.450457e+03 2.311980e+39
3.449069e+03 2.073587e+39
3.447681e+03 3.190643e+39
3.446295e+03 3.317697e+39
3.444910e+03 1.932062e+39
3.443526e+03 2.095322e+39
3.442143e+03 3.292317e+39
3.440762e+03 2.974397e+39
3.439381e+03 4.603008e+39
3.438001e+03 2.137256e+39
3.436623e+03 2.090674e+39
3.435246e+03 3.087462e+39
3.433869e+03 2.128142e+39
3.432494e+03 2.151432e+39
3.431120e+03 3.714107e+39
3.429747e+03 3.920752e+39
3.428376e+03 3.014970e+39
3.427005e+03 2.080152e+39
3.425635e+03 3.033375e+39
3.424267e+03 2.147509e+39
3.422899e+03 2.194038e+39
3.421533e+03 2.588809e+39
3.420168e+03 3.338860e+39
3.418803e+03 2.224464e+39
3.417440e+03 2.942884e+39
3.416078e+03 2.464447e+39
3.414717e+03 3.347977e+39
3.413358e+03 2.651599e+39
3.411999e+03 1.447811e+39
3.410641e+03 1.549625e+39
3.409285e+03 2.402504e+39
3.407929e+03 4.110433e+39
3.406575e+03 3.733153e+39
3.405221e+03 3.306643e+39
3.403869e+03 3.408127e+39
3.402518e+03 3.592359e+39
3.401168e+03 3.419493e+39
3.399819e+03 2.573062e+39
3.398471e+03 2.624514e+39
3.397124e+03 2.335783e+39
3.395778e+03 3.054015e+39
3.394433e+03 2.186795e+39
3.393089e+03 1.924730e+39
3.391747e+03 3.096485e+39
3.390405e+03 2.670691e+39
3.389065e+03 2.427229e+39
3.387725e+03 3.102671e+39
3.386387e+03 3.467775e+39
3.385049e+03 2.441917e+39
3.383713e+03 5.475770e+39
3.382378e+03 3.706694e+39
3.381044e+03 2.882235e+39
3.379710e+03 1.162604e+39
3.378378e+03 2.704057e+39
3.377047e+03 2.584508e+39
3.375717e+03 1.551891e+39
3.374388e+03 1.780384e+39
3.373060e+03 2.911634e+39
3.371734e+03 2.927998e+39
3.370408e+03 4.823744e+39
3.369083e+03 3.310509e+39
3.367759e+03 4.009197e+39
3.366437e+03 3.612239e+39
3.365115e+03 1.313430e+39
3.363794e+03 2.858320e+39
3.362475e+03 2.474124e+39
3.361156e+03 3.167245e+39
3.359839e+03 2.035438e+39
3.358522e+03 3.362271e+39
3.357207e+03 3.532574e+39
3.355892e+03 2.271771e+39
3.354579e+03 3.774129e+39
3.353267e+03 2.274300e+39
3.351955e+03 1.852676e+39
3.350645e+03 3.608504e+39
3.349336e+03 1.953003e+39
3.348027e+03 3.482869e+39
3.346720e+03 2.313274e+39
3.345414e+03 2.761844e+39
3.344109e+03 3.954047e+39
3.342805e+03 3.676201e+39
3.341501e+03 1.650329e+39
3.340199e+03 4.077701e+39
3.338898e+03 1.409465e+39
3.337598e+03 3.033525e+39
3.336299e+03 2.277189e+39
3.335001e+03 2.320503e+39
3.333704e+03 2.993268e+39
3.332408e+03 3.915567e+39
3.331113e+03 2.731173e+39
3.329819e+03 2.988256e+39
3.328525e+03 4.896119e+39
3.327233e+03 3.694946e+39
3.325942e+03 3.734644e+39
3.324652e+03 3.756866e+39
3.323363e+03 4.148766e+39
3.322075e+03 3.300192e+39
3.320788e+03 3.560914e+39
3.319502e+03 2.813383e+39
3.318217e+03 3.395666e+39
3.316933e+03 2.370335e+39
3.315650e+03 2.570379e+39
3.314368e+03 3.752801e+39
3.313087e+03 2.806844e+39
3.311807e+03 2.613529e+39
3.310527e+03 3.358551e+39
3.309249e+03 2.023368e+39
3.307972e+03 2.534055e+39
3.306696e+03 3.747403e+39
3.305421e+03 3.006630e+39
3.304147e+03 2.801285e+39
3.302873e+03 2.087776e+39
3.301601e+03 1.392026e+39
3.300330e+03 8.997251e+38
3.299060e+03 2.831132e+39
3.297790e+03 3.739224e+39
3.296522e+03 1.312759e+39
3.295255e+03 2.868753e+39
3.293988e+03 1.590097e+39
3.292723e+03 1.939480e+39
3.291459e+03 1.648098e+39
3.290195e+03 2.815105e+39
3.288933e+03 2.720524e+39
3.287671e+03 2.907178e+39
3.286411e+03 2.163612e+39
3.285151e+03 3.324392e+39
3.283893e+03 2.870059e+39
3.282635e+03 2.490633e+39
3.281378e+03 2.054829e+39
3.280122e+03 2.710491e+39
3.278868e+03 2.362326e+39
3.277614e+03 1.601588e+39
3.276361e+03 2.807086e+39
3.275109e+03 1.912141e+39
3.273858e+03 1.646680e+39
3.272608e+03 2.595361e+39
3.271359e+03 2.198548e+39
3.270111e+03 3.070520e+39
3.268864e+03 2.104982e+39
3.267618e+03 1.437535e+39
3.266373e+03 1.210128e+39
3.265128e+03 2.142837e+39
3.263885e+03 3.864354e+39
3.262643e+03 1.809226e+39
3.261401e+03 1.402623e+39
3.260161e+03 1.157638e+39
3.258921e+03 1.443887e+39
3.257683e+03 2.672976e+39
3.256445e+03 1.921777e+39
3.255208e+03 2.873574e+39
3.253973e+03 1.656602e+39
3.252738e+03 2.527377e+39
3.251504e+03 2.646720e+39
3.250271e+03 1.420848e+39
3.249039e+03 1.864626e+39
3.247808e+03 2.453213e+39
3.246578e+03 1.878674e+39
3.245348e+03 2.373118e+39
3.244120e+03 9.668830e+38
3.242893e+03 2.321958e+39
3.241666e+03 3.149857e+39
3.240441e+03 1.930854e+39
3.239216e+03 4.730614e+38
3.237992e+03 1.215971e+39
3.236770e+03 3.372412e+39
3.235548e+03 3.426724e+39
3.234327e+03 1.354517e+39
3.233107e+03 1.710917e+39
3.231888e+03 1.197218e+39
3.230670e+03 9.814022e+38
3.229453e+03 2.688082e+39
3.228236e+03 1.552474e+39
3.227021e+03 1.160269e+39
3.225806e+03 6.901606e+38
3.224593e+03 2.394845e+39
3.223380e+03 2.332097e+39
3.222169e+03 1.194118e+39
3.220958e+03 1.942387e+39
3.219748e+03 1.219544e+39
3.218539e+03 2.435275e+39
3.217331e+03 1.367425e+39
3.216123e+03 2.904875e+39
3.214917e+03 2.173121e+39
3.213712e+03 1.428153e+39
3.212507e+03 8.936164e+38
3.211304e+03 9.174204e+38
3.210101e+03 9.492098e+38
3.208899e+03 9.823436e+38
3.207698e+03 2.125589e+39
3.206499e+03 1.614241e+39
3.205299e+03 1.693273e+39
3.204101e+03 2.839165e+39
3.202904e+03 1.676039e+39
3.201708e+03 7.307862e+38
3.200512e+03 1.683908e+39
3.199317e+03 1.438587e+39
3.198124e+03 7.557649e+38
3.196931e+03 2.340727e+39
3.195739e+03 2.033450e+39
3.194548e+03 7.219523e+38
3.193358e+03 1.173697e+39
3.192169e+03 1.483141e+39
3.190980e+03 1.383396e+39
3.189793e+03 1.721571e+39
3.188606e+03 2.368871e+39
3.187420e+03 2.857898e+39
3.186235e+03 6.447232e+38
3.185051e+03 1.867927e+39
3.183868e+03 1.468654e+39
3.182686e+03 1.232380e+39
3.181505e+03 1.943514e+39
3.180324e+03 7.157624e+38
3.179145e+03 1.418485e+39
3.177966e+03 1.205085e+39
3.176788e+03 1.191547e+39
3.175611e+03 2.181088e+39
3.174435e+03 3.375635e+39
3.173260e+03 2.206393e+39
3.172086e+03 9.916772e+38
3.170912e+03 1.485886e+39
3.169740e+03 9.859423e+38
3.168568e+03 1.431587e+39
3.167397e+03 1.695241e+39
3.166227e+03 1.466262e+39
3.165058e+03 7.036370e+38
3.163889e+03 1.438265e+39
3.162722e+03 4.721923e+38
3.161555e+03 2.373629e+39
3.160390e+03 1.115106e+39
3.159225e+03 9.795624e+38
3.158061e+03 9.915923e+38
3.156898e+03 2.977763e+39
3.155736e+03 1.889230e+39
3.154574e+03 1.207915e+39
3.153414e+03 7.479428e+38
3.152254e+03 2.475396e+39
3.151095e+03 1.425500e+39
3.149937e+03 7.489770e+38
3.148780e+03 1.750878e+39
3.147624e+03 1.729155e+39
3.146468e+03 5.181186e+38
3.145313e+03 1.204863e+39
3.144160e+03 5.095213e+38
3.143007e+03 1.953392e+39
3.141855e+03 5.120370e+38
3.140704e+03 1.522721e+39
3.139553e+03 1.271692e+39
3.138404e+03 1.542765e+39
3.137255e+03 1.538181e+39
3.136107e+03 7.674278e+38
3.134960e+03 1.991717e+39
3.133814e+03 2.120733e+39
3.132669e+03 1.303955e+39
3.131524e+03 2.245928e+39
3.130380e+03 7.737765e+38
3.129238e+03 1.456807e+39
3.128096e+03 4.800411e+38
3.126954e+03 1.547353e+39
3.125814e+03 3.028549e+39
3.124675e+03 2.300813e+39
3.123536e+03 2.740426e+39
3.122398e+03 1.926641e+39
3.121261e+03 1.643523e+39
3.120125e+03 2.048374e+39
3.118989e+03 1.006246e+39
3.117855e+03 2.511646e+39
3.116721e+03 2.002053e+39
3.115588e+03 1.206636e+39
3.114456e+03 2.312337e+39
3.113325e+03 1.597454e+39
3.112195e+03 2.523497e+39
3.111065e+03 1.574558e+39
3.109936e+03 3.124393e+39
3.108808e+03 2.714475e+39
3.107681e+03 2.022973e+39
3.106555e+03 2.045351e+39
3.105429e+03 2.201640e+39
3.104305e+03 2.069250e+39
3.103181e+03 2.262512e+39
3.102058e+03 1.558119e+39
3.100935e+03 4.854639e+38
3.099814e+03 2.356213e+39
3.098693e+03 1.547051e+39
3.097574e+03 1.071409e+39
3.096455e+03 3.033527e+39
3.095336e+03 1.302883e+39
3.094219e+03 1.330943e+39
3.093102e+03 1.262469e+39
3.091987e+03 9.815570e+38
3.090872e+03 1.582784e+39
3.089757e+03 1.545195e+39
3.088644e+03 1.355866e+39
3.087532e+03 1.051793e+39
3.086420e+03 2.578797e+38
3.085309e+03 3.151355e+39
3.084199e+03 1.772144e+39
3.083089e+03 3.000275e+39
3.081981e+03 8.032079e+38
3.080873e+03 2.055286e+39
3.079766e+03 7.359154e+38
3.078660e+03 7.793777e+38
3.077554e+03 5.478031e+38
3.076450e+03 2.143718e+39
3.075346e+03 2.367774e+39
3.074243e+03 3.722692e+39
3.073141e+03 8.003620e+38
3.072039e+03 8.325893e+38
3.070939e+03 2.428941e+39
3.069839e+03 7.898878e+38
3.068740e+03 1.853724e+39
3.067641e+03 1.372868e+39
3.066544e+03 1.024017e+39
3.065447e+03 2.775431e+38
3.064351e+03 2.615218e+39
3.063256e+03 7.397497e+38
3.062162e+03 5.551960e+38
3.061068e+03 5.510727e+38
3.059976e+03 1.581136e+39
3.058884e+03 1.288219e+39
3.057792e+03 8.120908e+38
3.056702e+03 1.350615e+39
3.055612e+03 1.875398e+39
3.054523e+03 1.473398e+39
3.053435e+03 1.824377e+39
3.052348e+03 2.050116e+39
3.051261e+03 2.060190e+39
3.050175e+03 1.033436e+39
3.049090e+03 2.615680e+39
3.048006e+03 2.966266e+39
3.046923e+03 5.366008e+38
3.045840e+03 2.360947e+39
3.044758e+03 1.660806e+39
3.043677e+03 1.392414e+39
3.042596e+03 2.485999e+39
3.041517e+03 1.862396e+39
3.040438e+03 1.019892e+39
3.039360e+03 4.760495e+38
3.038282e+03 1.313612e+39
3.037206e+03 1.549524e+39
3.036130e+03 5.366915e+38
3.035055e+03 1.375927e+39
3.033981e+03 1.313605e+39
3.032907e+03 1.060300e+39
3.031834e+03 1.868243e+39
3.030762e+03 1.389100e+39
3.029691e+03 7.005269e+38
3.028620e+03 1.071426e+39
3.027551e+03 1.637742e+39
3.026482e+03 8.157743e+38
3.025413e+03 3.152650e+39
3.024346e+03 1.569610e+39
3.023279e+03 8.420027e+38
3.022213e+03 2.740376e+39
3.021148e+03 2.121734e+39
3.020084e+03 1.095457e+39
3.019020e+03 2.289924e+39
3.017957e+03 2.120329e+39
3.016895e+03 1.014790e+39
3.015833e+03 1.957388e+39
3.014772e+03 1.085245e+39
3.013712e+03 8.622151e+38
3.012653e+03 1.104925e+39
3.011595e+03 1.110390e+39
3.010537e+03 1.837785e+39
3.009480e+03 1.060957e+39
3.008424e+03 1.347582e+39
3.007368e+03 1.389318e+39
3.006313e+03 1.574927e+39
3.005259e+03 6.791483e+38
3.004206e+03 2.514625e+39
3.003153e+03 1.407769e+39
3.002101e+03 1.951839e+39
3.001050e+03 2.285154e+39
